V=[0.57668579,0.57504002,0.57336982,0.57167393,0.56995098,0.56819949,0.56641785,0.56460432,0.56275701,0.56087384,0.55895255,0.55699063,0.55498536,0.55293368,0.55083225,0.54867732,0.54646472,0.54418976,0.54184715,0.53943091,0.53693423,0.5343493,0.53166714,0.52887728,0.52596752,0.52292342,0.51972778,0.51635989,0.51279446,0.50900021,0.5049378,0.5005568,0.49579109,0.49055159,0.48471428,0.47809918,0.46324256,0.46225974,0.46125529,0.46022815,0.45917722,0.45810129,0.45699906 ,0.45586913,0.45470998,0.45351998,0.45229735,0.45104013,0.44974622 ,0.44841329,0.44703879,0.44561994,0.44415362,0.44263643,0.44106455 ,0.43943373,0.43773921,0.43597564,0.43413696,0.43221629,0.43020575 ,0.42809631,0.42587748,0.42353707,0.42106071,0.41843138,0.4156287 ,0.41262794,0.4093988,0.40590354,0.40209442,0.39790984,0.39326852 ,0.38806037,0.38213131,0.37525718,0.3670954,0.35708906,0.3442575 ,0.32668974,0.30023155,0.2560385,0.18658495,0.10343509,0.01763459 ,-0.06848992]
I=[0.012954,0.032766,0.052578,0.07239,0.092202,0.112014,0.131826,0.151638,0.17145,0.191262,0.211074,0.230886,0.250698,0.27051,0.290322,0.310134,0.329946,0.349758,0.36957,0.389382,0.409194,0.429006,0.448818,0.46863,0.488442,0.508254,0.528066,0.547878,0.56769,0.587502,0.607314,0.627126,0.646938,0.66675,0.686562,0.706374,0.7420356,0.7440168,0.745998,0.7479792,0.7499604,0.7519416,0.7539228 ,0.755904,0.7578852,0.7598664,0.7618476,0.7638288,0.76581 ,0.7677912,0.7697724,0.7717536,0.7737348,0.775716,0.7776972 ,0.7796784,0.7816596,0.7836408,0.785622,0.7876032,0.7895844 ,0.7915656,0.7935468,0.795528,0.7975092,0.7994904,0.8014716 ,0.8034528,0.805434,0.8074152,0.8093964,0.8113776,0.8133588 ,0.81534,0.8173212,0.8193024,0.8212836,0.8232648,0.825246 ,0.8272272,0.8292084,0.8311896,0.8331708,0.835152,0.8371332 ,0.8391144]